2  0
2  -9.51854e-005
2  1.35142e-019
2  -9.51854e-005
2  1.37617e-019
2  -9.51854e-005
2  1.37662e-019
2  -9.51854e-005
2  6.30739e-066
2  -9.51854e-005
2  1.35142e-019
2  -9.51854e-005
2  1.37617e-019
2  -9.51854e-005
2  1.37662e-019
2  -9.51854e-005
2  1.37663e-019
2  -9.51854e-005
2  1.37663e-019
2  -9.51854e-005
2  1.37663e-019
2  -9.51854e-005
2  1.37663e-019
2  -9.51854e-005
2  1.37663e-019
2  -9.51854e-005
2  1.37663e-019
2  -9.51854e-005
2  1.37663e-019
2  -9.51854e-005
2  1.37663e-019
2  -9.51854e-005
2  1.37663e-019
2  -9.51854e-005
2  1.37663e-019
2  -9.51854e-005
2  1.37663e-019
2  -9.51854e-005
2  1.37663e-019
2  -9.51854e-005
2  1.37663e-019
2  -9.51854e-005
2  1.37663e-019
2  -9.51854e-005
2  1.37663e-019
2  -9.51854e-005
2  1.37663e-019
2  -9.51854e-005
2  1.37663e-019
2  -9.51854e-005
2  1.37663e-019
2  -9.51854e-005
2  1.37663e-019
2  -9.51854e-005
2  1.37663e-019
2  -9.51854e-005
1  2.59289e-061
1  -9.51854e-005
1  6.63612e-035
1  -9.51854e-005
1  6.63835e-035
1  -9.51854e-005
1  6.63835e-035
1  -9.51854e-005
1  6.63835e-035
1  -9.51854e-005
1  6.63835e-035
1  -9.51854e-005
1  6.63835e-035
1  -9.51854e-005
1  6.63835e-035
1  -9.51854e-005
4  9.73154e-086
4  -9.51854e-005
4  6.09855e-012
4  -9.52083e-005
4  6.9239e-012
4  -9.52083e-005
4  7.0356e-012
4  -9.52083e-005
4  7.05071e-012
4  -9.52083e-005
4  7.05276e-012
4  -9.52083e-005
4  7.05304e-012
4  -9.52083e-005
4  7.05308e-012
4  -9.52083e-005
4  7.05308e-012
4  -9.52083e-005
4  7.05308e-012
4  -9.52083e-005
4  7.05308e-012
4  -9.52083e-005
4  7.05308e-012
4  -9.52083e-005
4  7.05308e-012
4  -9.52083e-005
4  7.05308e-012
4  -9.52083e-005
4  7.05308e-012
4  -9.52083e-005
4  7.05308e-012
4  -9.52083e-005
7  1.78259e-065
7  -9.51854e-005
7  1.23579e-008
7  -9.60228e-005
7  1.63283e-008
7  -9.60301e-005
7  1.76026e-008
7  -9.60302e-005
7  1.80118e-008
7  -9.60302e-005
7  1.81432e-008
7  -9.60302e-005
7  1.81854e-008
7  -9.60302e-005
7  1.8199e-008
7  -9.60302e-005
7  1.82033e-008
7  -9.60302e-005
7  1.82047e-008
7  -9.60302e-005
7  1.82052e-008
7  -9.60302e-005
7  1.82053e-008
7  -9.60302e-005
7  1.82054e-008
7  -9.60302e-005
7  1.82054e-008
7  -9.60302e-005
7  1.82054e-008
7  -9.60302e-005
7  1.82054e-008
7  -9.60302e-005
7  1.82054e-008
7  -9.60302e-005
7  1.82054e-008
7  -9.60302e-005
7  1.82054e-008
7  -9.60302e-005
7  1.82054e-008
7  -9.60302e-005
7  1.82054e-008
7  -9.60302e-005
7  1.82054e-008
7  -9.60302e-005
7  1.82054e-008
7  -9.60302e-005
7  1.82054e-008
7  -9.60302e-005
7  1.82054e-008
7  -9.60302e-005
7  1.82054e-008
7  -9.60302e-005
7  1.82054e-008
7  -9.60302e-005
7  1.82054e-008
7  -9.60302e-005
7  1.82054e-008
7  -9.60302e-005
7  1.82054e-008
7  -9.60302e-005
7  1.82054e-008
7  -9.60302e-005
7  1.82054e-008
7  -9.60302e-005
7  1.82054e-008
7  -9.60302e-005
7  1.82054e-008
7  -9.60302e-005
7  1.82054e-008
7  -9.60302e-005
7  1.82054e-008
7  -9.60302e-005
7  1.82054e-008
7  -9.60302e-005
12  1.00678e-063
12  -9.51854e-005
12  7.9139e-007
12  -0.00010117
12  1.20549e-006
12  -0.000101546
12  1.41643e-006
12  -0.00010157
12  1.525e-006
12  -0.000101571
12  1.58089e-006
12  -0.000101571
12  1.60966e-006
12  -0.000101571
12  1.62447e-006
12  -0.000101571
12  1.63209e-006
12  -0.000101571
12  1.63602e-006
12  -0.000101571
12  1.63804e-006
12  -0.000101571
12  1.63908e-006
12  -0.000101571
12  1.63962e-006
12  -0.000101571
12  1.63989e-006
12  -0.000101571
12  1.64003e-006
12  -0.000101571
12  1.64011e-006
12  -0.000101571
12  1.64015e-006
12  -0.000101571
12  1.64016e-006
12  -0.000101571
12  1.64017e-006
12  -0.000101571
12  1.64018e-006
12  -0.000101571
12  1.64018e-006
12  -0.000101571
12  1.64018e-006
12  -0.000101571
12  1.64018e-006
12  -0.000101571
12  1.64019e-006
12  -0.000101571
12  1.64019e-006
12  -0.000101571
12  1.64019e-006
12  -0.000101571
12  1.64019e-006
12  -0.000101571
12  1.64019e-006
12  -0.000101571
12  1.64019e-006
12  -0.000101571
12  1.64019e-006
12  -0.000101571
12  1.64019e-006
12  -0.000101571
12  1.64019e-006
12  -0.000101571
12  1.64019e-006
12  -0.000101571
12  1.64019e-006
12  -0.000101571
12  1.64019e-006
12  -0.000101571
12  1.64019e-006
12  -0.000101571
12  1.64019e-006
12  -0.000101571
12  1.64019e-006
12  -0.000101571
12  1.64019e-006
12  -0.000101571
12  1.64019e-006
12  -0.000101571
16  1.26615e-091
16  -9.51854e-005
16  3.47827e-006
16  -0.000107237
16  5.71256e-006
16  -0.000108762
16  7.03216e-006
16  -0.000108955
16  7.83436e-006
16  -0.00010898
16  8.32282e-006
16  -0.000108983
16  8.62028e-006
16  -0.000108983
16  8.80142e-006
16  -0.000108983
16  8.91172e-006
16  -0.000108983
16  8.97889e-006
16  -0.000108983
16  9.0198e-006
16  -0.000108983
16  9.04472e-006
16  -0.000108983
16  9.05988e-006
16  -0.000108983
16  9.06912e-006
16  -0.000108983
16  9.07475e-006
16  -0.000108983
16  9.07817e-006
16  -0.000108983
16  9.08025e-006
16  -0.000108983
16  9.08152e-006
16  -0.000108983
16  9.0823e-006
16  -0.000108983
16  9.08277e-006
16  -0.000108983
16  9.08306e-006
16  -0.000108983
16  9.08323e-006
16  -0.000108983
16  9.08334e-006
16  -0.000108983
16  9.0834e-006
16  -0.000108983
16  9.08344e-006
16  -0.000108983
16  9.08347e-006
16  -0.000108983
16  9.08348e-006
16  -0.000108983
16  9.0835e-006
16  -0.000108983
16  9.0835e-006
16  -0.000108983
16  9.0835e-006
16  -0.000108983
16  9.08351e-006
16  -0.000108983
16  9.08351e-006
16  -0.000108983
16  9.08351e-006
16  -0.000108983
16  9.08351e-006
16  -0.000108983
16  9.08351e-006
16  -0.000108983
16  9.08351e-006
16  -0.000108983
16  9.08351e-006
16  -0.000108983
16  9.08351e-006
16  -0.000108983
16  9.08351e-006
16  -0.000108983
16  9.08351e-006
16  -0.000108983
16  9.08351e-006
16  -0.000108983
16  9.08351e-006
16  -0.000108983
16  9.08351e-006
16  -0.000108983
16  9.08351e-006
16  -0.000108983
16  9.08351e-006
16  -0.000108983
16  9.08351e-006
16  -0.000108983
16  9.08351e-006
16  -0.000108983
16  9.08351e-006
16  -0.000108983
16  9.08351e-006
16  -0.000108983
16  9.08351e-006
16  -0.000108983
16  9.08351e-006
16  -0.000108983
16  9.08351e-006
16  -0.000108983
16  9.08351e-006
16  -0.000108983
16  9.08351e-006
16  -0.000108983
16  9.08351e-006
16  -0.000108983
16  9.08351e-006
16  -0.000108983
16  9.08351e-006
16  -0.000108983
16  9.08351e-006
16  -0.000108983
16  9.08351e-006
16  -0.000108983
16  9.08351e-006
16  -0.000108983
16  9.08351e-006
16  -0.000108983
16  9.08351e-006
16  -0.000108983
16  9.08351e-006
16  -0.000108983
21  8.27501e-061
21  -9.51854e-005
21  1.00145e-005
21  -0.000115054
21  1.77857e-005
21  -0.000119202
21  2.28177e-005
21  -0.000120068
21  2.62438e-005
21  -0.000120248
21  2.85942e-005
21  -0.000120286
21  3.02078e-005
21  -0.000120294
21  3.13157e-005
21  -0.000120296
21  3.20764e-005
21  -0.000120296
21  3.25987e-005
21  -0.000120296
21  3.29574e-005
21  -0.000120296
21  3.32036e-005
21  -0.000120296
21  3.33726e-005
21  -0.000120296
21  3.34887e-005
21  -0.000120296
21  3.35684e-005
21  -0.000120296
21  3.36231e-005
21  -0.000120296
21  3.36607e-005
21  -0.000120296
21  3.36865e-005
21  -0.000120296
21  3.37042e-005
21  -0.000120296
21  3.37164e-005
21  -0.000120296
21  3.37247e-005
21  -0.000120296
21  3.37305e-005
21  -0.000120296
21  3.37344e-005
21  -0.000120296
21  3.37371e-005
21  -0.000120296
21  3.3739e-005
21  -0.000120296
21  3.37402e-005
21  -0.000120296
21  3.37411e-005
21  -0.000120296
21  3.37417e-005
21  -0.000120296
21  3.37421e-005
21  -0.000120296
21  3.37424e-005
21  -0.000120296
21  3.37426e-005
21  -0.000120296
21  3.37427e-005
21  -0.000120296
21  3.37428e-005
21  -0.000120296
21  3.37429e-005
21  -0.000120296
21  3.37429e-005
21  -0.000120296
21  3.3743e-005
21  -0.000120296
21  3.3743e-005
21  -0.000120296
21  3.3743e-005
21  -0.000120296
21  3.3743e-005
21  -0.000120296
21  3.3743e-005
21  -0.000120296
21  3.3743e-005
21  -0.000120296
21  3.37431e-005
21  -0.000120296
21  3.37431e-005
21  -0.000120296
21  3.37431e-005
21  -0.000120296
21  3.37431e-005
21  -0.000120296
21  3.37431e-005
21  -0.000120296
21  3.37431e-005
21  -0.000120296
21  3.37431e-005
21  -0.000120296
21  3.37431e-005
21  -0.000120296
21  3.37431e-005
21  -0.000120296
21  3.37431e-005
21  -0.000120296
21  3.37431e-005
21  -0.000120296
21  3.37431e-005
21  -0.000120296
21  3.37431e-005
21  -0.000120296
21  3.37431e-005
21  -0.000120296
21  3.37431e-005
21  -0.000120296
21  3.37431e-005
21  -0.000120296
21  3.37431e-005
21  -0.000120296
21  3.37431e-005
21  -0.000120296
21  3.37431e-005
21  -0.000120296
21  3.37431e-005
21  -0.000120296
21  3.37431e-005
21  -0.000120296
21  3.37431e-005
21  -0.000120296
21  3.37431e-005
21  -0.000120296
21  3.37431e-005
21  -0.000120296
21  3.37431e-005
21  -0.000120296
21  3.37431e-005
21  -0.000120296
21  3.37431e-005
21  -0.000120296
21  3.37431e-005
21  -0.000120296
21  3.37431e-005
21  -0.000120296
21  3.37431e-005
21  -0.000120296
21  3.37431e-005
21  -0.000120296
21  3.37431e-005
21  -0.000120296
21  3.37431e-005
21  -0.000120296
21  3.37431e-005
21  -0.000120296
21  3.37431e-005
21  -0.000120296
21  3.37431e-005
21  -0.000120296
21  3.37431e-005
21  -0.000120296
21  3.37431e-005
21  -0.000120296
21  3.37431e-005
21  -0.000120296
21  3.37431e-005
21  -0.000120296
21  3.37431e-005
21  -0.000120296
21  3.37431e-005
21  -0.000120296
21  3.37431e-005
21  -0.000120296
21  3.37431e-005
21  -0.000120296
21  3.37431e-005
21  -0.000120296
21  3.37431e-005
21  -0.000120296
25  6.55963e-065
25  -9.51854e-005
25  1.64042e-005
25  -0.000120276
25  3.06404e-005
25  -0.00012689
25  4.02493e-005
25  -0.000128633
25  4.71121e-005
25  -0.000129093
25  5.20829e-005
25  -0.000129214
25  5.56912e-005
25  -0.000129246
25  5.83113e-005
25  -0.000129254
25  6.02138e-005
25  -0.000129256
25  6.15954e-005
25  -0.000129257
25  6.25986e-005
25  -0.000129257
25  6.3327e-005
25  -0.000129257
25  6.3856e-005
25  -0.000129257
25  6.42401e-005
25  -0.000129257
25  6.45191e-005
25  -0.000129257
25  6.47216e-005
25  -0.000129257
25  6.48687e-005
25  -0.000129257
25  6.49755e-005
25  -0.000129257
25  6.5053e-005
25  -0.000129257
25  6.51094e-005
25  -0.000129257
25  6.51503e-005
25  -0.000129257
25  6.51799e-005
25  -0.000129257
25  6.52015e-005
25  -0.000129257
25  6.52171e-005
25  -0.000129257
25  6.52285e-005
25  -0.000129257
25  6.52368e-005
25  -0.000129257
25  6.52428e-005
25  -0.000129257
25  6.52471e-005
25  -0.000129257
25  6.52503e-005
25  -0.000129257
25  6.52526e-005
25  -0.000129257
25  6.52542e-005
25  -0.000129257
25  6.52555e-005
25  -0.000129257
25  6.52563e-005
25  -0.000129257
25  6.5257e-005
25  -0.000129257
25  6.52574e-005
25  -0.000129257
25  6.52578e-005
25  -0.000129257
25  6.5258e-005
25  -0.000129257
25  6.52582e-005
25  -0.000129257
25  6.52583e-005
25  -0.000129257
25  6.52584e-005
25  -0.000129257
25  6.52585e-005
25  -0.000129257
25  6.52585e-005
25  -0.000129257
25  6.52586e-005
25  -0.000129257
25  6.52586e-005
25  -0.000129257
25  6.52586e-005
25  -0.000129257
25  6.52587e-005
25  -0.000129257
25  6.52587e-005
25  -0.000129257
25  6.52587e-005
25  -0.000129257
25  6.52587e-005
25  -0.000129257
25  6.52587e-005
25  -0.000129257
25  6.52587e-005
25  -0.000129257
25  6.52587e-005
25  -0.000129257
25  6.52587e-005
25  -0.000129257
25  6.52587e-005
25  -0.000129257
25  6.52587e-005
25  -0.000129257
25  6.52587e-005
25  -0.000129257
25  6.52587e-005
25  -0.000129257
25  6.52587e-005
25  -0.000129257
25  6.52587e-005
25  -0.000129257
25  6.52587e-005
25  -0.000129257
25  6.52587e-005
25  -0.000129257
25  6.52587e-005
25  -0.000129257
25  6.52587e-005
25  -0.000129257
25  6.52587e-005
25  -0.000129257
25  6.52587e-005
25  -0.000129257
25  6.52587e-005
25  -0.000129257
25  6.52587e-005
25  -0.000129257
25  6.52587e-005
25  -0.000129257
25  6.52587e-005
25  -0.000129257
25  6.52587e-005
25  -0.000129257
25  6.52587e-005
25  -0.000129257
25  6.52587e-005
25  -0.000129257
25  6.52587e-005
25  -0.000129257
25  6.52587e-005
25  -0.000129257
25  6.52587e-005
25  -0.000129257
25  6.52587e-005
25  -0.000129257
25  6.52587e-005
25  -0.000129257
25  6.52587e-005
25  -0.000129257
25  6.52587e-005
25  -0.000129257
25  6.52587e-005
25  -0.000129257
25  6.52587e-005
25  -0.000129257
25  6.52587e-005
25  -0.000129257
25  6.52587e-005
25  -0.000129257
25  6.52587e-005
25  -0.000129257
25  6.52587e-005
25  -0.000129257
29  4.37566e-062
29  -9.51854e-005
29  2.50415e-005
29  -0.000125831
29  4.93888e-005
29  -0.000135698
29  6.64961e-005
29  -0.000138874
29  7.91687e-005
29  -0.000139897
29  8.87631e-005
29  -0.000140226
29  9.60639e-005
29  -0.000140332
29  0.000101625
29  -0.000140367
29  0.000105861
29  -0.000140378
29  0.000109089
29  -0.000140381
29  0.000111548
29  -0.000140382
29  0.000113421
29  -0.000140383
29  0.000114848
29  -0.000140383
29  0.000115936
29  -0.000140383
29  0.000116764
29  -0.000140383
29  0.000117395
29  -0.000140383
29  0.000117876
29  -0.000140383
29  0.000118242
29  -0.000140383
29  0.000118522
29  -0.000140383
29  0.000118734
29  -0.000140383
29  0.000118896
29  -0.000140383
29  0.00011902
29  -0.000140383
29  0.000119114
29  -0.000140383
29  0.000119185
29  -0.000140383
29  0.00011924
29  -0.000140383
29  0.000119281
29  -0.000140383
29  0.000119313
29  -0.000140383
29  0.000119337
29  -0.000140383
29  0.000119355
29  -0.000140383
29  0.000119369
29  -0.000140383
29  0.00011938
29  -0.000140383
29  0.000119388
29  -0.000140383
29  0.000119394
29  -0.000140383
29  0.000119399
29  -0.000140383
29  0.000119403
29  -0.000140383
29  0.000119406
29  -0.000140383
29  0.000119408
29  -0.000140383
29  0.000119409
29  -0.000140383
29  0.00011941
29  -0.000140383
29  0.000119411
29  -0.000140383
29  0.000119412
29  -0.000140383
29  0.000119413
29  -0.000140383
29  0.000119413
29  -0.000140383
29  0.000119413
29  -0.000140383
29  0.000119414
29  -0.000140383
29  0.000119414
29  -0.000140383
29  0.000119414
29  -0.000140383
29  0.000119414
29  -0.000140383
29  0.000119414
29  -0.000140383
29  0.000119414
29  -0.000140383
29  0.000119414
29  -0.000140383
29  0.000119414
29  -0.000140383
29  0.000119414
29  -0.000140383
29  0.000119414
29  -0.000140383
29  0.000119414
29  -0.000140383
29  0.000119414
29  -0.000140383
29  0.000119414
29  -0.000140383
29  0.000119414
29  -0.000140383
29  0.000119414
29  -0.000140383
29  0.000119414
29  -0.000140383
29  0.000119414
29  -0.000140383
29  0.000119414
29  -0.000140383
29  0.000119414
29  -0.000140383
29  0.000119414
29  -0.000140383
29  0.000119414
29  -0.000140383
29  0.000119414
29  -0.000140383
29  0.000119414
29  -0.000140383
29  0.000119414
29  -0.000140383
29  0.000119414
29  -0.000140383
29  0.000119414
29  -0.000140383
29  0.000119414
29  -0.000140383
29  0.000119414
29  -0.000140383
29  0.000119414
29  -0.000140383
29  0.000119414
29  -0.000140383
29  0.000119414
29  -0.000140383
29  0.000119414
29  -0.000140383
29  0.000119414
29  -0.000140383
29  0.000119414
29  -0.000140383
29  0.000119414
29  -0.000140383
29  0.000119414
29  -0.000140383
29  0.000119414
29  -0.000140383
29  0.000119414
29  -0.000140383
29  0.000119414
29  -0.000140383
29  0.000119414
29  -0.000140383
29  0.000119414
29  -0.000140383
29  0.000119414
29  -0.000140383
29  0.000119414
29  -0.000140383
29  0.000119414
29  -0.000140383
29  0.000119414
29  -0.000140383
29  0.000119414
29  -0.000140383
29  0.000119414
29  -0.000140383
29  0.000119414
29  -0.000140383
29  0.000119414
29  -0.000140383
29  0.000119414
29  -0.000140383
29  0.000119414
29  -0.000140383
29  0.000119414
29  -0.000140383
29  0.000119414
29  -0.000140383
29  0.000119414
29  -0.000140383
29  0.000119414
29  -0.000140383
29  0.000119414
29  -0.000140383
29  0.000119414
29  -0.000140383
29  0.000119414
29  -0.000140383
29  0.000119414
29  -0.000140383
29  0.000119414
29  -0.000140383
29  0.000119414
29  -0.000140383
29  0.000119414
29  -0.000140383
29  0.000119414
29  -0.000140383
29  0.000119414
29  -0.000140383
33  7.65979e-059
33  -9.51854e-005
33  3.31995e-005
33  -0.000130202
33  6.84115e-005
33  -0.000143084
33  9.39833e-005
33  -0.000147823
33  0.000113348
33  -0.000149566
33  0.000128414
33  -0.000150208
33  0.000140234
33  -0.000150444
33  0.000149526
33  -0.000150531
33  0.000156835
33  -0.000150562
33  0.000162584
33  -0.000150574
33  0.000167106
33  -0.000150579
33  0.000170663
33  -0.00015058
33  0.000173462
33  -0.000150581
33  0.000175663
33  -0.000150581
33  0.000177394
33  -0.000150581
33  0.000178757
33  -0.000150581
33  0.000179828
33  -0.000150581
33  0.000180671
33  -0.000150581
33  0.000181334
33  -0.000150581
33  0.000181855
33  -0.000150581
33  0.000182266
33  -0.000150581
33  0.000182588
33  -0.000150581
33  0.000182842
33  -0.000150581
33  0.000183042
33  -0.000150581
33  0.000183199
33  -0.000150581
33  0.000183322
33  -0.000150581
33  0.00018342
33  -0.000150581
33  0.000183496
33  -0.000150581
33  0.000183556
33  -0.000150581
33  0.000183604
33  -0.000150581
33  0.000183641
33  -0.000150581
33  0.00018367
33  -0.000150581
33  0.000183693
33  -0.000150581
33  0.000183711
33  -0.000150581
33  0.000183725
33  -0.000150581
33  0.000183737
33  -0.000150581
33  0.000183745
33  -0.000150581
33  0.000183752
33  -0.000150581
33  0.000183758
33  -0.000150581
33  0.000183762
33  -0.000150581
33  0.000183766
33  -0.000150581
33  0.000183768
33  -0.000150581
33  0.00018377
33  -0.000150581
33  0.000183772
33  -0.000150581
33  0.000183773
33  -0.000150581
33  0.000183774
33  -0.000150581
33  0.000183775
33  -0.000150581
33  0.000183776
33  -0.000150581
33  0.000183776
33  -0.000150581
33  0.000183777
33  -0.000150581
33  0.000183777
33  -0.000150581
33  0.000183777
33  -0.000150581
33  0.000183777
33  -0.000150581
33  0.000183777
33  -0.000150581
33  0.000183777
33  -0.000150581
33  0.000183778
33  -0.000150581
33  0.000183778
33  -0.000150581
33  0.000183778
33  -0.000150581
33  0.000183778
33  -0.000150581
33  0.000183778
33  -0.000150581
33  0.000183778
33  -0.000150581
33  0.000183778
33  -0.000150581
33  0.000183778
33  -0.000150581
33  0.000183778
33  -0.000150581
33  0.000183778
33  -0.000150581
33  0.000183778
33  -0.000150581
33  0.000183778
33  -0.000150581
33  0.000183778
33  -0.000150581
33  0.000183778
33  -0.000150581
33  0.000183778
33  -0.000150581
33  0.000183778
33  -0.000150581
33  0.000183778
33  -0.000150581
33  0.000183778
33  -0.000150581
33  0.000183778
33  -0.000150581
33  0.000183778
33  -0.000150581
33  0.000183778
33  -0.000150581
33  0.000183778
33  -0.000150581
33  0.000183778
33  -0.000150581
33  0.000183778
33  -0.000150581
33  0.000183778
33  -0.000150581
33  0.000183778
33  -0.000150581
33  0.000183778
33  -0.000150581
33  0.000183778
33  -0.000150581
33  0.000183778
33  -0.000150581
33  0.000183778
33  -0.000150581
33  0.000183778
33  -0.000150581
33  0.000183778
33  -0.000150581
33  0.000183778
33  -0.000150581
33  0.000183778
33  -0.000150581
33  0.000183778
33  -0.000150581
33  0.000183778
33  -0.000150581
33  0.000183778
33  -0.000150581
33  0.000183778
33  -0.000150581
33  0.000183778
33  -0.000150581
33  0.000183778
33  -0.000150581
33  0.000183778
33  -0.000150581
33  0.000183778
33  -0.000150581
33  0.000183778
33  -0.000150581
33  0.000183778
33  -0.000150581
33  0.000183778
33  -0.000150581
33  0.000183778
33  -0.000150581
33  0.000183778
33  -0.000150581
33  0.000183778
33  -0.000150581
33  0.000183778
33  -0.000150581
37  1.97471e-060
37  -9.51854e-005
37  4.1019e-005
37  -0.000133885
37  8.77709e-005
37  -0.000149619
37  0.000122773
37  -0.000156016
37  0.000149706
37  -0.000158617
37  0.000171057
37  -0.000159674
37  0.000188178
37  -0.000160104
37  0.000201955
37  -0.000160279
37  0.000213052
37  -0.00016035
37  0.000221993
37  -0.000160379
37  0.000229196
37  -0.000160391
37  0.000235001
37  -0.000160395
37  0.000239677
37  -0.000160397
37  0.000243445
37  -0.000160398
37  0.000246481
37  -0.000160398
37  0.000248928
37  -0.000160399
37  0.000250899
37  -0.000160399
37  0.000252487
37  -0.000160399
37  0.000253767
37  -0.000160399
37  0.000254798
37  -0.000160399
37  0.000255629
37  -0.000160399
37  0.000256298
37  -0.000160399
37  0.000256837
37  -0.000160399
37  0.000257272
37  -0.000160399
37  0.000257622
37  -0.000160399
37  0.000257904
37  -0.000160399
37  0.000258131
37  -0.000160399
37  0.000258315
37  -0.000160399
37  0.000258462
37  -0.000160399
37  0.000258581
37  -0.000160399
37  0.000258677
37  -0.000160399
37  0.000258754
37  -0.000160399
37  0.000258816
37  -0.000160399
37  0.000258866
37  -0.000160399
37  0.000258907
37  -0.000160399
37  0.000258939
37  -0.000160399
37  0.000258966
37  -0.000160399
37  0.000258987
37  -0.000160399
37  0.000259004
37  -0.000160399
37  0.000259017
37  -0.000160399
37  0.000259028
37  -0.000160399
37  0.000259037
37  -0.000160399
37  0.000259045
37  -0.000160399
37  0.00025905
37  -0.000160399
37  0.000259055
37  -0.000160399
37  0.000259059
37  -0.000160399
37  0.000259062
37  -0.000160399
37  0.000259064
37  -0.000160399
37  0.000259066
37  -0.000160399
37  0.000259068
37  -0.000160399
37  0.000259069
37  -0.000160399
37  0.00025907
37  -0.000160399
37  0.000259071
37  -0.000160399
37  0.000259071
37  -0.000160399
37  0.000259072
37  -0.000160399
37  0.000259072
37  -0.000160399
37  0.000259073
37  -0.000160399
37  0.000259073
37  -0.000160399
37  0.000259073
37  -0.000160399
37  0.000259074
37  -0.000160399
37  0.000259074
37  -0.000160399
37  0.000259074
37  -0.000160399
37  0.000259074
37  -0.000160399
37  0.000259074
37  -0.000160399
37  0.000259074
37  -0.000160399
37  0.000259074
37  -0.000160399
37  0.000259074
37  -0.000160399
37  0.000259074
37  -0.000160399
37  0.000259074
37  -0.000160399
37  0.000259074
37  -0.000160399
37  0.000259074
37  -0.000160399
37  0.000259074
37  -0.000160399
37  0.000259074
37  -0.000160399
37  0.000259074
37  -0.000160399
37  0.000259074
37  -0.000160399
37  0.000259074
37  -0.000160399
37  0.000259074
37  -0.000160399
37  0.000259074
37  -0.000160399
37  0.000259074
37  -0.000160399
37  0.000259074
37  -0.000160399
37  0.000259074
37  -0.000160399
37  0.000259074
37  -0.000160399
37  0.000259074
37  -0.000160399
37  0.000259074
37  -0.000160399
37  0.000259074
37  -0.000160399
37  0.000259074
37  -0.000160399
37  0.000259074
37  -0.000160399
37  0.000259074
37  -0.000160399
37  0.000259074
37  -0.000160399
37  0.000259074
37  -0.000160399
37  0.000259074
37  -0.000160399
37  0.000259074
37  -0.000160399
37  0.000259074
37  -0.000160399
37  0.000259074
37  -0.000160399
37  0.000259074
37  -0.000160399
37  0.000259074
37  -0.000160399
37  0.000259074
37  -0.000160399
37  0.000259074
37  -0.000160399
37  0.000259074
37  -0.000160399
37  0.000259074
37  -0.000160399
37  0.000259074
37  -0.000160399
37  0.000259074
37  -0.000160399
37  0.000259074
37  -0.000160399
37  0.000259074
37  -0.000160399
37  0.000259074
37  -0.000160399
37  0.000259074
37  -0.000160399
37  0.000259074
37  -0.000160399
37  0.000259074
37  -0.000160399
37  0.000259074
37  -0.000160399
37  0.000259074
37  -0.000160399
37  0.000259074
37  -0.000160399
37  0.000259074
37  -0.000160399
37  0.000259074
37  -0.000160399
37  0.000259074
37  -0.000160399
37  0.000259074
37  -0.000160399
37  0.000259074
37  -0.000160399
37  0.000259074
37  -0.000160399
37  0.000259074
37  -0.000160399
37  0.000259074
37  -0.000160399
37  0.000259074
37  -0.000160399
37  0.000259074
37  -0.000160399
37  0.000259074
37  -0.000160399
37  0.000259074
37  -0.000160399
37  0.000259074
37  -0.000160399
37  0.000259074
37  -0.000160399
37  0.000259074
37  -0.000160399
37  0.000259074
37  -0.000160399
37  0.000259074
37  -0.000160399
37  0.000259074
37  -0.000160399
37  0.000259074
37  -0.000160399
37  0.000259074
37  -0.000160399
37  0.000259074
37  -0.000160399
37  0.000259074
37  -0.000160399
37  0.000259074
37  -0.000160399
37  0.000259074
37  -0.000160399
37  0.000259074
37  -0.000160399
37  0.000259074
37  -0.000160399
37  0.000259074
37  -0.000160399
37  0.000259074
37  -0.000160399
37  0.000259074
37  -0.000160399
37  0.000259074
37  -0.000160399
37  0.000259074
37  -0.000160399
37  0.000259074
37  -0.000160399
37  0.000259074
37  -0.000160399
37  0.000259074
37  -0.000160399
37  0.000259074
37  -0.000160399
37  0.000259074
37  -0.000160399
37  0.000259074
37  -0.000160399
37  0.000259074
37  -0.000160399
37  0.000259074
37  -0.000160399
37  0.000259074
37  -0.000160399
37  0.000259074
37  -0.000160399
37  0.000259074
37  -0.000160399
37  0.000259074
37  -0.000160399
37  0.000259074
37  -0.000160399
37  0.000259074
37  -0.000160399
37  0.000259074
37  -0.000160399
37  0.000259074
37  -0.000160399
37  0.000259074
37  -0.000160399
37  0.000259074
37  -0.000160399
37  0.000259074
37  -0.000160399
37  0.000259074
37  -0.000160399
37  0.000259074
37  -0.000160399
41  1.62389e-061
41  -9.51854e-005
41  5.06802e-005
41  -0.000137955
41  0.000113148
41  -0.000157173
41  0.000161695
41  -0.000165808
41  0.000199687
41  -0.000169688
41  0.000230322
41  -0.000171431
41  0.000255396
41  -0.000172214
41  0.000276035
41  -0.000172566
41  0.000293055
41  -0.000172724
41  0.000307098
41  -0.000172795
41  0.000318687
41  -0.000172827
41  0.000328251
41  -0.000172842
41  0.000336144
41  -0.000172848
41  0.000342659
41  -0.000172851
41  0.000348035
41  -0.000172852
41  0.000352472
41  -0.000172853
41  0.000356134
41  -0.000172853
41  0.000359157
41  -0.000172853
41  0.000361651
41  -0.000172853
41  0.000363709
41  -0.000172853
41  0.000365409
41  -0.000172853
41  0.000366811
41  -0.000172853
41  0.000367968
41  -0.000172853
41  0.000368923
41  -0.000172853
41  0.000369711
41  -0.000172853
41  0.000370362
41  -0.000172853
41  0.000370899
41  -0.000172853
41  0.000371342
41  -0.000172853
41  0.000371708
41  -0.000172853
41  0.000372009
41  -0.000172853
41  0.000372258
41  -0.000172853
41  0.000372464
41  -0.000172853
41  0.000372634
41  -0.000172853
41  0.000372774
41  -0.000172853
41  0.000372889
41  -0.000172853
41  0.000372985
41  -0.000172853
41  0.000373063
41  -0.000172853
41  0.000373128
41  -0.000172853
41  0.000373182
41  -0.000172853
41  0.000373226
41  -0.000172853
41  0.000373263
41  -0.000172853
41  0.000373293
41  -0.000172853
41  0.000373317
41  -0.000172853
41  0.000373338
41  -0.000172853
41  0.000373355
41  -0.000172853
41  0.000373369
41  -0.000172853
41  0.00037338
41  -0.000172853
41  0.00037339
41  -0.000172853
41  0.000373398
41  -0.000172853
41  0.000373404
41  -0.000172853
41  0.00037341
41  -0.000172853
41  0.000373414
41  -0.000172853
41  0.000373418
41  -0.000172853
41  0.000373421
41  -0.000172853
41  0.000373423
41  -0.000172853
41  0.000373425
41  -0.000172853
41  0.000373427
41  -0.000172853
41  0.000373429
41  -0.000172853
41  0.00037343
41  -0.000172853
41  0.000373431
41  -0.000172853
41  0.000373431
41  -0.000172853
41  0.000373432
41  -0.000172853
41  0.000373433
41  -0.000172853
41  0.000373433
41  -0.000172853
41  0.000373433
41  -0.000172853
41  0.000373434
41  -0.000172853
41  0.000373434
41  -0.000172853
41  0.000373434
41  -0.000172853
41  0.000373434
41  -0.000172853
41  0.000373434
41  -0.000172853
41  0.000373434
41  -0.000172853
41  0.000373435
41  -0.000172853
41  0.000373435
41  -0.000172853
41  0.000373435
41  -0.000172853
41  0.000373435
41  -0.000172853
41  0.000373435
41  -0.000172853
41  0.000373435
41  -0.000172853
41  0.000373435
41  -0.000172853
41  0.000373435
41  -0.000172853
41  0.000373435
41  -0.000172853
41  0.000373435
41  -0.000172853
41  0.000373435
41  -0.000172853
41  0.000373435
41  -0.000172853
41  0.000373435
41  -0.000172853
41  0.000373435
41  -0.000172853
41  0.000373435
41  -0.000172853
41  0.000373435
41  -0.000172853
41  0.000373435
41  -0.000172853
41  0.000373435
41  -0.000172853
41  0.000373435
41  -0.000172853
41  0.000373435
41  -0.000172853
41  0.000373435
41  -0.000172853
41  0.000373435
41  -0.000172853
41  0.000373435
41  -0.000172853
41  0.000373435
41  -0.000172853
41  0.000373435
41  -0.000172853
41  0.000373435
41  -0.000172853
41  0.000373435
41  -0.000172853
41  0.000373435
41  -0.000172853
41  0.000373435
41  -0.000172853
46  1.513e-073
46  -9.51854e-005
46  6.26169e-005
46  -0.000142453
46  0.00014665
46  -0.000165926
46  0.000215053
46  -0.000177582
46  0.000269665
46  -0.00018337
46  0.000314397
46  -0.000186244
46  0.000351695
46  -0.000187671
46  0.000383057
46  -0.00018838
46  0.000409517
46  -0.000188732
46  0.00043187
46  -0.000188907
46  0.000450761
46  -0.000188994
46  0.00046673
46  -0.000189037
46  0.000480228
46  -0.000189058
46  0.000491639
46  -0.000189069
46  0.000501286
46  -0.000189074
46  0.00050944
46  -0.000189077
46  0.000516334
46  -0.000189078
46  0.000522161
46  -0.000189079
46  0.000527087
46  -0.000189079
46  0.000531252
46  -0.000189079
46  0.000534772
46  -0.000189079
46  0.000537748
46  -0.000189079
46  0.000540264
46  -0.000189079
46  0.000542391
46  -0.000189079
46  0.000544189
46  -0.000189079
46  0.000545709
46  -0.000189079
46  0.000546993
46  -0.000189079
46  0.00054808
46  -0.000189079
46  0.000548998
46  -0.000189079
46  0.000549774
46  -0.000189079
46  0.00055043
46  -0.000189079
46  0.000550985
46  -0.000189079
46  0.000551454
46  -0.000189079
46  0.00055185
46  -0.000189079
46  0.000552185
46  -0.000189079
46  0.000552468
46  -0.000189079
46  0.000552707
46  -0.000189079
46  0.00055291
46  -0.000189079
46  0.000553081
46  -0.000189079
46  0.000553226
46  -0.000189079
46  0.000553348
46  -0.000189079
46  0.000553451
46  -0.000189079
46  0.000553539
46  -0.000189079
46  0.000553612
46  -0.000189079
46  0.000553675
46  -0.000189079
46  0.000553728
46  -0.000189079
46  0.000553773
46  -0.000189079
46  0.00055381
46  -0.000189079
46  0.000553842
46  -0.000189079
46  0.000553869
46  -0.000189079
46  0.000553892
46  -0.000189079
46  0.000553911
46  -0.000189079
46  0.000553928
46  -0.000189079
46  0.000553941
46  -0.000189079
46  0.000553953
46  -0.000189079
46  0.000553963
46  -0.000189079
46  0.000553971
46  -0.000189079
46  0.000553978
46  -0.000189079
46  0.000553984
46  -0.000189079
46  0.000553989
46  -0.000189079
46  0.000553993
46  -0.000189079
46  0.000553997
46  -0.000189079
46  0.000554
46  -0.000189079
46  0.000554002
46  -0.000189079
46  0.000554005
46  -0.000189079
46  0.000554006
46  -0.000189079
46  0.000554008
46  -0.000189079
46  0.000554009
46  -0.000189079
46  0.00055401
46  -0.000189079
46  0.000554011
46  -0.000189079
46  0.000554012
46  -0.000189079
46  0.000554013
46  -0.000189079
46  0.000554013
46  -0.000189079
46  0.000554014
46  -0.000189079
46  0.000554014
46  -0.000189079
46  0.000554014
46  -0.000189079
46  0.000554015
46  -0.000189079
46  0.000554015
46  -0.000189079
46  0.000554015
46  -0.000189079
46  0.000554015
46  -0.000189079
46  0.000554015
46  -0.000189079
46  0.000554015
46  -0.000189079
46  0.000554016
46  -0.000189079
46  0.000554016
46  -0.000189079
46  0.000554016
46  -0.000189079
46  0.000554016
46  -0.000189079
46  0.000554016
46  -0.000189079
46  0.000554016
46  -0.000189079
46  0.000554016
46  -0.000189079
46  0.000554016
46  -0.000189079
46  0.000554017
46  -0.000189079
46  0.000554017
46  -0.000189079
46  0.000554017
46  -0.000189079
46  0.000554017
46  -0.000189079
46  0.000554017
46  -0.000189079
46  0.000554017
46  -0.000189079
46  0.000554017
46  -0.000189079
46  0.000554017
46  -0.000189079
46  0.000554017
46  -0.000189079
46  0.000554017
46  -0.000189079
46  0.000554017
46  -0.000189079
46  0.000554017
46  -0.000189079
46  0.000554017
46  -0.000189079
46  0.000554017
46  -0.000189079
46  0.000554017
46  -0.000189079
46  0.000554017
46  -0.000189079
46  0.000554017
46  -0.000189079
46  0.000554017
46  -0.000189079
46  0.000554017
46  -0.000189079
46  0.000554017
46  -0.000189079
46  0.000554017
46  -0.000189079
46  0.000554017
46  -0.000189079
46  0.000554017
46  -0.000189079
46  0.000554017
46  -0.000189079
46  0.000554017
46  -0.000189079
46  0.000554017
46  -0.000189079
46  0.000554017
46  -0.000189079
46  0.000554017
46  -0.000189079
46  0.000554017
46  -0.000189079
46  0.000554017
46  -0.000189079
46  0.000554017
46  -0.000189079
46  0.000554017
46  -0.000189079
46  0.000554017
46  -0.000189079
46  0.000554017
46  -0.000189079
46  0.000554017
46  -0.000189079
46  0.000554017
46  -0.000189079
46  0.000554017
46  -0.000189079
46  0.000554017
46  -0.000189079
46  0.000554017
46  -0.000189079
46  0.000554017
46  -0.000189079
46  0.000554017
46  -0.000189079
46  0.000554017
46  -0.000189079
46  0.000554017
46  -0.000189079
46  0.000554017
46  -0.000189079
50  3.95148e-063
50  -9.51854e-005
50  6.71907e-005
50  -0.000144055
50  0.000160102
50  -0.000169146
50  0.000237091
50  -0.000182028
50  0.000299044
50  -0.000188642
50  0.000350051
50  -0.000192037
50  0.000392825
50  -0.000193781
50  0.000429032
50  -0.000194676
50  0.000459805
50  -0.000195135
50  0.000486003
50  -0.000195371
50  0.000508319
50  -0.000195492
50  0.000527334
50  -0.000195554
50  0.000543536
50  -0.000195586
50  0.000557342
50  -0.000195603
50  0.000569107
50  -0.000195611
50  0.000579132
50  -0.000195615
50  0.000587676
50  -0.000195618
50  0.000594956
50  -0.000195619
50  0.000601159
50  -0.000195619
50  0.000606445
50  -0.00019562
50  0.00061095
50  -0.00019562
50  0.000614789
50  -0.00019562
50  0.00061806
50  -0.00019562
50  0.000620847
50  -0.00019562
50  0.000623222
50  -0.00019562
50  0.000625247
50  -0.00019562
50  0.000626971
50  -0.00019562
50  0.000628441
50  -0.00019562
50  0.000629694
50  -0.00019562
50  0.000630761
50  -0.00019562
50  0.000631671
50  -0.00019562
50  0.000632446
50  -0.00019562
50  0.000633106
50  -0.00019562
50  0.000633669
50  -0.00019562
50  0.000634148
50  -0.00019562
50  0.000634557
50  -0.00019562
50  0.000634905
50  -0.00019562
50  0.000635202
50  -0.00019562
50  0.000635455
50  -0.00019562
50  0.00063567
50  -0.00019562
50  0.000635854
50  -0.00019562
50  0.00063601
50  -0.00019562
50  0.000636144
50  -0.00019562
50  0.000636257
50  -0.00019562
50  0.000636354
50  -0.00019562
50  0.000636437
50  -0.00019562
50  0.000636507
50  -0.00019562
50  0.000636567
50  -0.00019562
50  0.000636618
50  -0.00019562
50  0.000636661
50  -0.00019562
50  0.000636698
50  -0.00019562
50  0.00063673
50  -0.00019562
50  0.000636757
50  -0.00019562
50  0.00063678
50  -0.00019562
50  0.000636799
50  -0.00019562
50  0.000636816
50  -0.00019562
50  0.00063683
50  -0.00019562
50  0.000636842
50  -0.00019562
50  0.000636853
50  -0.00019562
50  0.000636861
50  -0.00019562
50  0.000636869
50  -0.00019562
50  0.000636875
50  -0.00019562
50  0.000636881
50  -0.00019562
50  0.000636885
50  -0.00019562
50  0.000636889
50  -0.00019562
50  0.000636893
50  -0.00019562
50  0.000636895
50  -0.00019562
50  0.000636898
50  -0.00019562
50  0.0006369
50  -0.00019562
50  0.000636902
50  -0.00019562
50  0.000636903
50  -0.00019562
50  0.000636905
50  -0.00019562
50  0.000636906
50  -0.00019562
50  0.000636907
50  -0.00019562
50  0.000636908
50  -0.00019562
50  0.000636908
50  -0.00019562
50  0.000636909
50  -0.00019562
50  0.000636909
50  -0.00019562
50  0.00063691
50  -0.00019562
50  0.00063691
50  -0.00019562
50  0.00063691
50  -0.00019562
50  0.00063691
50  -0.00019562
50  0.000636911
50  -0.00019562
50  0.000636911
50  -0.00019562
50  0.000636911
50  -0.00019562
50  0.000636911
50  -0.00019562
50  0.000636911
50  -0.00019562
50  0.000636911
50  -0.00019562
50  0.000636912
50  -0.00019562
50  0.000636912
50  -0.00019562
50  0.000636912
50  -0.00019562
50  0.000636912
50  -0.00019562
50  0.000636912
50  -0.00019562
50  0.000636912
50  -0.00019562
50  0.000636912
50  -0.00019562
50  0.000636912
50  -0.00019562
50  0.000636912
50  -0.00019562
50  0.000636912
50  -0.00019562
50  0.000636912
50  -0.00019562
50  0.000636912
50  -0.00019562
50  0.000636912
50  -0.00019562
50  0.000636912
50  -0.00019562
50  0.000636912
50  -0.00019562
50  0.000636912
50  -0.00019562
50  0.000636912
50  -0.00019562
50  0.000636912
50  -0.00019562
50  0.000636912
50  -0.00019562
50  0.000636912
50  -0.00019562
50  0.000636912
50  -0.00019562
50  0.000636912
50  -0.00019562
50  0.000636912
50  -0.00019562
50  0.000636912
50  -0.00019562
50  0.000636912
50  -0.00019562
50  0.000636912
50  -0.00019562
50  0.000636912
50  -0.00019562
50  0.000636912
50  -0.00019562
50  0.000636912
50  -0.00019562
50  0.000636912
50  -0.00019562
50  0.000636912
50  -0.00019562
50  0.000636912
50  -0.00019562
50  0.000636912
50  -0.00019562
50  0.000636912
50  -0.00019562
50  0.000636912
50  -0.00019562
50  0.000636912
50  -0.00019562
50  0.000636912
50  -0.00019562
50  0.000636912
50  -0.00019562
50  0.000636912
50  -0.00019562
50  0.000636912
50  -0.00019562
50  0.000636912
50  -0.00019562
50  0.000636912
50  -0.00019562
50  0.000636912
50  -0.00019562
50  0.000636912
50  -0.00019562
50  0.000636912
50  -0.00019562
50  0.000636912
50  -0.00019562
50  0.000636912
50  -0.00019562
50  0.000636912
50  -0.00019562
50  0.000636912
50  -0.00019562
50  0.000636912
50  -0.00019562
50  0.000636912
50  -0.00019562
50  0.000636912
50  -0.00019562
